
# Please make this file available to others
# by sending it to <lirc@bartelmus.de>
#
# this config file was automatically generated
# using lirc-0.8.7(udp) on Wed Jun 29 21:47:47 2011
#
# contributed by 
#
# brand:                       cyperlink
# model no. of remote control: 
# devices being controlled by this remote:
#

begin remote

  name  cyperlink
  flags RAW_CODES
  eps            30
  aeps          100

  gap          63296

      begin raw_codes

          name KEY_0
             1586     183     671     610     671     427
              671     183     671     183     671     183
              610     183     610     244     610     244
              610     244     610     244     610     244
              610     244     610     915     610     488
              610     671     610     244     610     427
              610     488     610     244     610     915
              610

          name KEY_1
             1586     183     610     610     610     427
              610     244     610     244     610     244
              610     244     549     244     549     244
              610     244     610     244     549     244
              549     244     610     732     610     915
              610     488     549     244     549     244
              549     732     549     488     549     244
              610

          name KEY_2
             1525     244     610     671     671     427
              671     244     610     244     610     244
              549     244     549     244     549     244
              549     244     549     244     549     244
              549     244     549     915     549     915
              549     488     549     244     549     244
              549     732     549     488     549     488
              549

          name KEY_3
             1525     183     671     671     610     427
              610     244     610     244     610     244
              610     244     610     244     610     244
              610     244     610     244     549     244
              549     244     549     244     549     244
              549     732     549     244     549     244
              549     488     549     488     549     488
              549

          name KEY_4
             1525     244     610     610     671     427
              610     183     610     244     610     244
              610     244     549     244     610     244
              549     244     549     244     549     244
              549     244     549     488     549     244
              549     732     610     244     549     244
              549     488     549     488     549     244
              549

          name KEY_5
             1586     183     671     610     671     427
              671     183     671     183     610     183
              610     183     610     244     610     244
              610     244     610     244     610     244
              549     244     610     732     610     244
              610     732     549     244     549     244
              549     488     549     488     610     915
              610

          name KEY_6
             1586     183     610     671     671     427
              610     183     610     244     610     244
              610     244     610     244     610     244
              610     244     549     244     549     244
              549     244     549     915     549     244
              549     732     549     244     549     244
              549     488     549     488     549     732
              549

          name KEY_7
             1586     183     610     671     610     488
              610     244     610     244     549     244
              549     244     549     244     549     244
              549     244     549     244     549     244
              549     244     549     244     549     488
              549     732     549     244     549     488
              549     488     549     244     549     305
              549

          name KEY_8
             1586     183     549     671     610     488
              610     244     610     244     549     244
              549     244     549     244     610     244
              549     244     549     244     549     244
              549     305     549     488     549     488
              549     732     549     305     549     488
              549     488     549     244     549     488
              549

          name KEY_9
             1586     183     610     671     610     488
              549     244     549     244     610     244
              549     244     549     244     549     244
              549     244     549     244     549     244
              549     244     549     732     549     488
              549     732     549     244     549     488
              549     488     549     244     549     732
              549

          name KEY_ANGLE
             1525     183     671     671     671     427
              610     244     610     244     610     244
              610     244     549     244     610     244
              610     244     549     244     549     244
              549     244     549     732     549     915
              610     915     549     915     549     671
              549     915     549     244     549     915
              549

          name KEY_BLUE
             1525     183     610     671     671     427
              610     183     610     244     610     244
              610     244     610     244     549     244
              610     244     549     244     549     244
              549     305     549     488     549     488
              549     915     549     976     549     244
              549     915     549     732     549     732
              549

          name KEY_CHANNELDOWN
             1464     244     610     671     610     488
              549     244     549     305     549     244
              549     305     549     305     549     305
              488     305     488     305     488     305
              488     366     488     549     488     793
              488     366     488    1037     488     366
              488     366     488     793     488     610
              488

          name KEY_CHANNELUP
             1525     183     671     671     610     427
              610     244     610     244     610     244
              610     244     549     244     549     244
              549     244     549     244     549     244
              549     244     549     244     549     732
              549     244     549     976     549     244
              549     244     549     732     549     305
              549

          name KEY_BACK
             1525     183     610     671     610     488
              549     244     549     244     549     244
              549     244     549     305     549     305
              549     305     549     305     549     305
              549     305     549     732     549     732
              549     305     549     976     549     305
              549     305     549     732     549     732
              549

          name KEY_CLEAR
             1525     244     549     732     549     488
              549     244     549     305     549     305
              549     305     549     366     488     366
              488     305     488     366     488     366
              488     366     488     366     488    1037
              488     366     488     610     488     549
              488     793     488     549     488    1037
              488

          name KEY_DOWN
             1525     244     610     671     610     427
              610     244     549     244     549     244
              549     244     549     244     549     305
              549     244     549     305     549     305
              549     305     549     549     549     305
              549     549     549     549     549     976
              549     976     549     976     549     549
              549

          name KEY_ENTER
             1525     183     671     671     610     427
              610     244     610     244     610     244
              549     244     549     244     549     244
              549     244     549     244     549     244
              549     244     549     244     549     732
              549     732     549     305     549     732
              549     488     549     915     549     915
              549

          name KEY_EPG
             1464     244     549     732     549     488
              549     244     549     305     549     305
              488     305     488     305     488     366
              488     366     488     366     488     366
              488     366     488     549     488     366
              488     610     488    1037     488    1037
              488     549     488     549     488    1037
              488

          name KEY_DVD
             1525     244     549     671     610     488
              549     244     549     305     549     244
              549     305     549     305     488     366
              488     305     488     305     488     366
              488     366     488     793     488     793
              488    1037     488    1037     488    1037
              488    1037     488     610     488     793
              488

          name KEY_FASTFORWARD
             1525     244     610     732     549     488
              549     244     549     305     549     244
              549     305     549     305     488     305
              488     305     488     305     488     305
              488     366     488     976     488     305
              488     549     488    1037     488    1037
              488     549     488     549     488     549
              488

          name KEY_GREEN
             1525     244     610     671     610     427
              610     244     610     244     549     244
              549     244     549     244     549     244
              549     244     549     244     549     244
              549     305     549     915     549     244
              549     915     549     915     549     488
              549     915     549     915     549     488
              549

          name KEY_LANGUAGE
             1464     244     549     732     549     488
              549     244     549     305     488     305
              488     305     488     366     488     366
              488     366     488     366     488     366
              488     366     488     610     488     793
              488    1037     488    1037     488    1037
              488    1037     488     549     488     610
              488

          name KEY_LEFT
             1525     244     610     671     610     488
              549     305     549     305     549     305
              549     305     549     305     488     366
              488     366     488     305     488     366
              488     366     488     366     488     366
              488     549     488     610     488    1037
              488     976     488     976     488     305
              488

          name KEY_LAST
             1525     183     610     671     610     488
              610     244     549     244     549     305
              549     305     549     244     549     305
              549     305     549     305     549     305
              549     305     549     549     488     305
              549     305     488     976     549     793
              549     305     549     305     488     976
              549

          name KEY_NEXT
             1525     183     671     671     610     427
              610     244     610     244     610     244
              610     244     549     244     549     244
              549     244     549     244     549     244
              549     305     549     244     549     244
              549     305     549     976     549     732
              549     244     549     244     549     732
              549

          name KEY_OK
             1525     183     610     671     610     488
              549     244     549     305     549     244
              549     305     549     366     488     305
              549     305     549     305     488     366
              488     366     488     366     488     793
              488     793     488     366     488     793
              488     549     488    1037     488    1037
              488

          name KEY_PAUSE
             1525     244     610     732     549     488
              549     244     549     305     549     305
              549     305     549     305     488     366
              488     366     488     366     488     366
              488     366     488     976     488     549
              488     549     488    1037     488     793
              488     549     488     305     488     366
              488

          name KEY_PLAY
             1525     183     610     671     610     427
              610     244     610     244     610     244
              610     244     549     244     549     244
              549     244     549     244     549     244
              549     305     549     732     549     488
              549     488     549     976     549     732
              549     488     549     244     549     488
              549

          name KEY_POWER
             1525     183     610     671     610     488
              610     244     610     244     610     244
              610     244     549     244     549     244
              549     244     549     244     549     244
              549     305     549     488     549     244
              549     915     549     732     549     488
              549     732     549     732     549     732
              549   12939    1525     244     610     671
              610     488     610     244     610     244
              610     244     549     488     549     244
              549     244     549     244     549     244
              549     244     549     305     549     488
              549     305     549     976     549     732
              549     488     549     732     549     732
              549     915     549   12939    1525     244
              610     671     610     488     610     244
              610     244     549     244     549     488
              549     244     549     244     549     244
              549     244     549     244     549     305
              549     488     549     244     549     915
              549     732     549     488     549     732
              549     732     549     915     549   29174
             1525     183     610     671     610     427
              610     244     610     244     610     244
              549     671     549     244     549     244
              549     244     549     244     549     244
              549     244     549     488     549     244
              549     915     549     732     549     488
              549     732     549     732     549     244
              549

          name KEY_HOME
             1525     183     610     671     671     427
              610     244     610     244     610     244
              549     244     549     244     549     244
              549     244     549     244     549     244
              549     244     549     244     549     244
              549     915     549     976     549     488
              549     915     549     915     549     732
              549

          name KEY_PREVIOUS
             1525     183     610     671     610     427
              610     244     610     244     610     244
              549     244     549     244     549     244
              549     244     549     244     549     244
              549     305     549     488     549     244
              549     244     549     976     549     732
              549     244     549     244     549     915
              549

          name KEY_RED
             1525     183     610     671     610     427
              610     244     610     244     610     244
              549     244     549     244     610     244
              549     244     549     244     549     244
              549     244     549     915     549     488
              549     915     549     915     549     244
              549     915     549     732     549     244
              549

          name KEY_REWIND
             1525     183     671     671     610     427
              610     244     610     244     610     244
              549     244     549     244     610     244
              549     244     549     244     549     244
              549     244     549     732     549     244
              549     488     549     915     549     915
              549     488     549     488     549     244
              549

          name KEY_RIGHT
             1525     183     671     671     671     427
              610     244     610     244     610     244
              610     244     549     244     549     244
              610     244     549     244     549     244
              549     244     549     915     549     915
              549     244     549     488     549     488
              549     732     549     488     549     244
              549

          name KEY_MUTE
             1525     244     610     671     610     427
              610     244     549     244     610     244
              549     244     549     244     549     244
              549     244     549     244     549     244
              549     244     549     244     549     488
              549     244     549     976     549     915
              549     244     549     488     549     976
              549

          name KEY_RECORD
             1525     244     610     671     610     488
              610     244     549     244     549     244
              549     244     549     305     549     305
              549     305     549     305     549     305
              549     366     488     976     549     549
              488     305     488    1037     488     976
              549     305     549     549     488     366
              488

          name KEY_SAT
             1525     244     610     671     610     427
              610     244     610     244     549     244
              610     244     610     244     549     244
              549     244     549     244     549     244
              549     305     549     244     549     915
              549     915     549     915     549     732
              549     915     549     244     549     488
              549

          name KEY_RADIO
             1464     305     549     732     549     549
              549     305     488     366     488     305
              488     305     488     305     488     366
              488     366     488     366     488     366
              488     366     427     793     488     366
              488     366     427    1037     427     854
              488     366     427     366     488     427
              427

          name KEY_STOP
             1464     244     610     671     610     488
              549     244     549     244     549     244
              549     305     549     305     549     305
              549     305     549     305     488     305
              488     366     488     366     488     976
              549     366     488    1037     488     549
              488     366     488     976     488     549
              488

          name KEY_SUBTITLE
             1525     183     671     671     610     427
              610     244     610     244     610     244
              610     244     610     244     549     244
              549     244     549     244     549     244
              549     244     549     915     549     732
              549     915     549     976     549     915
              549     915     549     488     549     915
              549

          name KEY_UP
             1464     305     549     732     549     488
              549     305     488     305     488     305
              488     366     488     366     488     366
              488     366     488     366     488     366
              488     366     488     793     488     366
              427     610     427     610     488    1037
              488    1037     488    1037     488     793
              488

          name KEY_VOLUMEDOWN
             1525     183     549     732     610     488
              549     244     549     305     549     244
              549     305     549     244     549     305
              549     244     549     244     549     305
              549     305     549     732     549     488
              549     244     549     976     549     976
              549     305     549     488     549     488
              549

          name KEY_VOLUMEUP
             1525     183     671     671     671     427
              610     244     610     244     610     244
              610     244     610     244     549     244
              549     244     549     244     549     244
              549     244     549     488     549     488
              549     305     549     976     549     915
              549     244     549     488     549     732
              549

          name KEY_YELLOW
             1525     183     610     671     610     488
              549     244     549     244     610     244
              549     244     549     305     549     305
              549     305     549     305     549     305
              549     305     549     305     549     549
              549     976     549     976     549     305
              488     976     549     732     549     976
              549

          name KEY_TEXT
             1525     183     671     671     671     427
              610     244     610     244     610     244
              610     244     549     244     549     244
              610     244     549     244     549     244
              549     244     549     488     549     915
              549     915     549     915     549     732
              549     976     549     244     549     305
              549

      end raw_codes

end remote
